Perfil plano:

Cada muestra cuenta como 0.01 seconds.
  %   cumulativo sí mism          sí mism   total           
tiemp   seconds   seconds llamadas  s/llama  s/llama  nombre  
 49.67     12.91    12.91                             mcount_internal
  7.91     14.97     2.06 11745603     0.00     0.00  cpu_readmem20
  5.54     16.41     1.44   601920     0.00     0.00  nec_execute
  4.04     17.46     1.05    13536     0.00     0.00  RefreshLineColorHorz
  3.41     18.34     0.89   688545     0.00     0.00  i_83pre
  3.08     19.14     0.80   896006     0.00     0.00  EA_006
  2.04     19.67     0.53  1135607     0.00     0.00  WriteIRam
  1.50     20.06     0.39                             _mcleanup
  1.33     20.41     0.35   601920     0.00     0.00  Interrupt
  1.19     20.72     0.31   520133     0.00     0.00  i_jc
  1.19     21.03     0.31     1254     0.00     0.01  WsRun
  1.04     21.30     0.27    75909     0.00     0.00  i_pushf
  0.88     21.53     0.23   326592     0.00     0.00  WsGetTileRow
  0.83     21.74     0.22   143203     0.00     0.00  i_80pre
  0.81     21.95     0.21   242915     0.00     0.00  nec_int
  0.79     22.16     0.21    98379     0.00     0.00  WriteIO
  0.75     22.35     0.20  1145287     0.00     0.00  WriteMem
  0.75     22.55     0.20   940544     0.00     0.00  ReadMem
  0.54     22.69     0.14    75908     0.00     0.00  i_popf
  0.54     22.83     0.14    75384     0.00     0.00  i_ffpre
  0.50     22.96     0.13   149916     0.00     0.00  ws_int_check
  0.48     23.08     0.13    74071     0.00     0.00  i_iret
  0.44     23.20     0.12    73601     0.00     0.00  i_f6pre
  0.40     23.30     0.11    85674     0.00     0.00  i_mov_sregw
  0.38     23.40     0.10   189202     0.00     0.00  i_jnz
  0.38     23.50     0.10    98806     0.00     0.00  i_jz
  0.38     23.60     0.10    74847     0.00     0.00  i_pop_bx
  0.38     23.70     0.10        1     0.10     0.10  gp2x_timer_delay
  0.37     23.80     0.10    90756     0.00     0.00  i_mov_r8b
  0.33     23.88     0.09    61534     0.00     0.00  i_fepre
  0.33     23.97     0.09    74990     0.00     0.00  i_pop_cx
  0.33     24.05     0.09    73603     0.00     0.00  i_push_dx
  0.31     24.13     0.08        1     0.08     0.08  gp2x_deinit
  0.27     24.20     0.07    74903     0.00     0.00  i_pop_es
  0.25     24.27     0.07    78642     0.00     0.00  i_push_ax
  0.25     24.33     0.07    33285     0.00     0.00  i_mov_r16w
  0.23     24.39     0.06    79354     0.00     0.00  i_push_ds
  0.23     24.45     0.06    79353     0.00     0.00  i_pop_ds
  0.23     24.51     0.06    78641     0.00     0.00  i_pop_ax
  0.23     24.57     0.06    74904     0.00     0.00  i_push_es
  0.21     24.63     0.06    59984     0.00     0.00  i_rotshft_w
  0.19     24.68     0.05    83611     0.00     0.00  i_outal
  0.19     24.73     0.05    74070     0.00     0.00  i_jce
  0.19     24.78     0.05    73889     0.00     0.00  i_push_si
  0.19     24.83     0.05    11213     0.00     0.00  i_rotshft_wd8
  0.15     24.87     0.04    85953     0.00     0.00  i_mov_axd16
  0.15     24.91     0.04    74991     0.00     0.00  i_push_cx
  0.15     24.95     0.04    74009     0.00     0.00  i_di
  0.15     24.99     0.04    73888     0.00     0.00  i_pop_si
  0.15     25.03     0.04    19313     0.00     0.00  i_xor_r16w
  0.15     25.07     0.04    10519     0.00     0.00  i_and_axd16
  0.13     25.10     0.04    78852     0.00     0.00  i_mov_ald8
  0.13     25.14     0.04    73602     0.00     0.00  i_pop_dx
  0.13     25.17     0.04     9632     0.00     0.00  i_mov_wd16
  0.13     25.21     0.04     2513     0.00     0.00  i_popa
  0.12     25.24     0.03    73672     0.00     0.00  i_pop_di
  0.12     25.27     0.03    41064     0.00     0.00  i_jnce
  0.12     25.30     0.03        1     0.03     0.03  WsDrawClear
  0.10     25.32     0.03    12279     0.00     0.00  i_cmp_ald8
  0.10     25.35     0.03    74848     0.00     0.00  i_push_bx
  0.08     25.37     0.02    74008     0.00     0.00  i_ei
  0.08     25.39     0.02    20302     0.00     0.00  i_es
  0.08     25.41     0.02    13536     0.00     0.00  WsDrawLine
  0.08     25.43     0.02    11130     0.00     0.00  i_call_d16
  0.08     25.45     0.02     7556     0.00     0.00  i_mov_br8
  0.08     25.47     0.02     7361     0.00     0.00  i_outax
  0.08     25.49     0.02     6631     0.00     0.00  i_mov_wr16
  0.08     25.51     0.02     6230     0.00     0.00  EA_005
  0.08     25.53     0.02     4060     0.00     0.00  i_81pre
  0.08     25.55     0.02     3807     0.00     0.00  i_movsw
  0.08     25.57     0.02     3253     0.00     0.00  EA_205
  0.08     25.59     0.02     3087     0.00     0.00  i_or_wr16
  0.08     25.61     0.02                             open
  0.06     25.62     0.02    14349     0.00     0.00  i_cmp_axd16
  0.06     25.64     0.02     2513     0.00     0.00  i_pusha
  0.06     25.65     0.02                             i_82pre
  0.04     25.66     0.01    73673     0.00     0.00  i_push_di
  0.04     25.67     0.01    36720     0.00     0.00  i_nop
  0.04     25.68     0.01    24068     0.00     0.00  gp2x_video_RGB_color8
  0.04     25.69     0.01    17351     0.00     0.00  i_jmp_d8
  0.04     25.70     0.01    12018     0.00     0.00  EA_105
  0.04     25.71     0.01    10333     0.00     0.00  EA_106
  0.04     25.72     0.01     9211     0.00     0.00  i_add_r16w
  0.04     25.73     0.01     5717     0.00     0.00  EA_104
  0.04     25.74     0.01     3933     0.00     0.00  i_rotshft_bd8
  0.04     25.75     0.01     3760     0.00     0.00  i_dec_bp
  0.04     25.76     0.01     2950     0.00     0.00  i_or_r8b
  0.04     25.77     0.01     1837     0.00     0.00  i_add_axd16
  0.04     25.78     0.01     1167     0.00     0.00  i_inc_cx
  0.04     25.79     0.01      473     0.00     0.00  WsKeys
  0.04     25.80     0.01      236     0.00     0.00  i_push_d8
  0.04     25.81     0.01       96     0.00     0.00  gp2x_video_RGB_setpalette
  0.04     25.82     0.01       94     0.00     0.00  SetHWPalette
  0.04     25.83     0.01       94     0.00     0.00  WsDrawFlip
  0.04     25.84     0.01        2     0.01     0.01  ComEEP
  0.04     25.85     0.01        2     0.01     0.01  i_and_ald8
  0.04     25.86     0.01                             WriteRom
  0.04     25.87     0.01                             _wordcopy_fwd_aligned
  0.04     25.88     0.01                             mmap
  0.04     25.89     0.01                             munmap
  0.04     25.90     0.01                             nec_exit
  0.04     25.91     0.01                             read
  0.02     25.92     0.01    11130     0.00     0.00  i_ret
  0.02     25.92     0.01     9680     0.00     0.00  WriteCRam
  0.02     25.93     0.01     7361     0.00     0.00  cpu_writeport2
  0.02     25.93     0.01     2271     0.00     0.00  i_rotshft_b
  0.02     25.94     0.01      438     0.00     0.00  i_call_far
  0.02     25.94     0.01      190     0.00     0.00  i_lea
  0.02     25.95     0.01       96     0.00     0.00  i_cwd
  0.02     25.95     0.01       21     0.00     0.00  i_mov_bd8
  0.02     25.96     0.01        2     0.00     0.00  i_jnle
  0.02     25.96     0.01                             WsRelease
  0.02     25.97     0.01                             i_cmc
  0.02     25.97     0.01                             i_dec_di
  0.02     25.98     0.01                             i_into
  0.02     25.98     0.01                             i_ret_d16
  0.02     25.99     0.01                             i_scasw
  0.02     25.99     0.01                             i_std
  0.00     25.99     0.00     7033     0.00     0.00  i_mov_did16
  0.00     25.99     0.00     6375     0.00     0.00  i_mov_chd8
  0.00     25.99     0.00     6367     0.00     0.00  EA_004
  0.00     25.99     0.00     4004     0.00     0.00  EA_107
  0.00     25.99     0.00     3760     0.00     0.00  i_inc_di
  0.00     25.99     0.00     3390     0.00     0.00  i_inal
  0.00     25.99     0.00     3232     0.00     0.00  SetPalette
  0.00     25.99     0.00     2482     0.00     0.00  i_dec_cx
  0.00     25.99     0.00     2275     0.00     0.00  i_mov_cld8
  0.00     25.99     0.00     2017     0.00     0.00  i_or_r16w
  0.00     25.99     0.00     1419     0.00     0.00  i_mov_aldisp
  0.00     25.99     0.00     1320     0.00     0.00  i_pop_bp
  0.00     25.99     0.00     1320     0.00     0.00  i_push_bp
  0.00     25.99     0.00     1256     0.00     0.00  gp2x_timer_read
  0.00     25.99     0.00     1223     0.00     0.00  i_jmp_d16
  0.00     25.99     0.00     1150     0.00     0.00  EA_007
  0.00     25.99     0.00     1008     0.00     0.00  i_test_axd16
  0.00     25.99     0.00      887     0.00     0.00  i_mov_axdisp
  0.00     25.99     0.00      834     0.00     0.00  i_mov_bxd16
  0.00     25.99     0.00      538     0.00     0.00  i_cmp_r16w
  0.00     25.99     0.00      504     0.00     0.00  i_or_axd16
  0.00     25.99     0.00      490     0.00     0.00  i_mov_cxd16
  0.00     25.99     0.00      473     0.00     0.00  gp2x_joystick_read
  0.00     25.99     0.00      472     0.00     0.00  i_rotshft_wcl
  0.00     25.99     0.00      438     0.00     0.00  i_retf
  0.00     25.99     0.00      413     0.00     0.00  i_xor_r8b
  0.00     25.99     0.00      408     0.00     0.00  i_add_wr16
  0.00     25.99     0.00      300     0.00     0.00  i_f7pre
  0.00     25.99     0.00      221     0.00     0.00  EA_207
  0.00     25.99     0.00      220     0.00     0.00  i_cs
  0.00     25.99     0.00      212     0.00     0.00  i_stosb
  0.00     25.99     0.00      209     0.00     0.00  i_mov_sid16
  0.00     25.99     0.00      114     0.00     0.00  i_sub_r16w
  0.00     25.99     0.00      100     0.00     0.00  gp2x_video_RGB_flip
  0.00     25.99     0.00       64     0.00     0.00  EA_100
  0.00     25.99     0.00       64     0.00     0.00  EA_101
  0.00     25.99     0.00       64     0.00     0.00  SetSoundPBuf
  0.00     25.99     0.00       40     0.00     0.00  EA_000
  0.00     25.99     0.00       37     0.00     0.00  DecodeCoarse
  0.00     25.99     0.00       36     0.00     0.00  i_jnc
  0.00     25.99     0.00       32     0.00     0.00  EA_001
  0.00     25.99     0.00       25     0.00     0.00  i_push_d16
  0.00     25.99     0.00       24     0.00     0.00  gp2x_video_YUV_flip
  0.00     25.99     0.00       14     0.00     0.00  EA_204
  0.00     25.99     0.00       14     0.00     0.00  SetSoundPan
  0.00     25.99     0.00       14     0.00     0.00  i_jle
  0.00     25.99     0.00       11     0.00     0.00  SetSoundFreq
  0.00     25.99     0.00       10     0.00     0.00  i_sub_axd16
  0.00     25.99     0.00        8     0.00     0.00  i_jnl
  0.00     25.99     0.00        8     0.00     0.00  i_mov_dispax
  0.00     25.99     0.00        7     0.00     0.00  SetSoundVol
  0.00     25.99     0.00        7     0.00     0.00  i_inc_ax
  0.00     25.99     0.00        6     0.00     0.00  SetSoundPData
  0.00     25.99     0.00        6     0.00     0.00  WsSoundClear
  0.00     25.99     0.00        5     0.00     0.00  WsSoundPlay
  0.00     25.99     0.00        5     0.00     0.01  i_repe
  0.00     25.99     0.00        4     0.00     0.00  gp2x_video_YUV_setscaling
  0.00     25.99     0.00        4     0.00     0.00  i_cmp_wr16
  0.00     25.99     0.00        4     0.00     0.00  i_inc_bx
  0.00     25.99     0.00        4     0.00     0.00  i_mov_wsreg
  0.00     25.99     0.00        3     0.00     0.00  i_loop
  0.00     25.99     0.00        3     0.00     0.00  i_or_ald8
  0.00     25.99     0.00        2     0.00     0.00  Disable_940
  0.00     25.99     0.00        2     0.00     0.00  WsClearGpuCache
  0.00     25.99     0.00        2     0.00     0.00  cpuctrl_init
  0.00     25.99     0.00        2     0.00     0.00  gp2x_940t_pause
  0.00     25.99     0.00        2     0.00     0.00  gp2x_940t_reset
  0.00     25.99     0.00        2     0.00     0.00  gp2x_dualcore_pause
  0.00     25.99     0.00        2     0.00     0.00  gp2x_init
  0.00     25.99     0.00        2     0.00     0.00  gp2x_printf_init
  0.00     25.99     0.00        2     0.00     0.00  gp2x_save_registers
  0.00     25.99     0.00        2     0.00     0.00  gp2x_video_RGB_setcolorkey
  0.00     25.99     0.00        2     0.00     0.00  gp2x_video_RGB_setscaling
  0.00     25.99     0.00        2     0.00     0.00  gp2x_video_RGB_setwindows
  0.00     25.99     0.00        2     0.00     0.00  gp2x_video_YUV_setparts
  0.00     25.99     0.00        2     0.00     0.00  gp2x_video_cursor_show
  0.00     25.99     0.00        2     0.00     0.00  gp2x_video_setdithering
  0.00     25.99     0.00        2     0.00     0.00  gp2x_video_setgammacorrection
  0.00     25.99     0.00        2     0.00     0.00  gp2x_video_setluminance
  0.00     25.99     0.00        2     0.00     0.00  i_cld
  0.00     25.99     0.00        2     0.00     0.00  i_inax
  0.00     25.99     0.00        2     0.00     0.00  i_inc_dx
  0.00     25.99     0.00        2     0.00     0.00  i_mov_dispal
  0.00     25.99     0.00        2     0.00     0.00  i_mov_dxd16
  0.00     25.99     0.00        1     0.00     0.00  LoadRom
  0.00     25.99     0.00        1     0.00     0.00  RebuildPalette
  0.00     25.99     0.00        1     0.00     0.00  SetGP2XClock
  0.00     25.99     0.00        1     0.00     0.00  WsCreate
  0.00     25.99     0.00        1     0.00     0.03  WsDrawCreate
  0.00     25.99     0.00        1     0.00     0.00  WsInputInit
  0.00     25.99     0.00        1     0.00     0.00  WsReset
  0.00     25.99     0.00        1     0.00     0.00  WsRomGetHeader
  0.00     25.99     0.00        1     0.00     0.00  WsSoundStop
  0.00     25.99     0.00        1     0.00     0.00  core_memcpy
  0.00     25.99     0.00        1     0.00     0.00  core_memset
  0.00     25.99     0.00        1     0.00     0.00  cpuctrl_deinit
  0.00     25.99     0.00        1     0.00     0.00  dumppgtable
  0.00     25.99     0.00        1     0.00     0.00  gp2x_sound_play
  0.00     25.99     0.00        1     0.00     0.00  gp2x_sound_volume
  0.00     25.99     0.00        1     0.00     0.00  gp2x_video_cursor_move
  0.00     25.99     0.00        1     0.00     0.00  gp2x_video_cursor_setup
  0.00     25.99     0.00        1     0.00     0.10  hackpgtable
  0.00     25.99     0.00        1     0.00     0.00  i_add_r8b
  0.00     25.99     0.00        1     0.00     0.00  i_clc
  0.00     25.99     0.00        1     0.00     0.00  i_dec_bx
  0.00     25.99     0.00        1     0.00     0.00  i_jmp_far
  0.00     25.99     0.00        1     0.00     0.00  i_mov_dld8
  0.00     25.99     0.00        1     0.00     0.00  i_mov_spd16
  0.00     25.99     0.00        1     0.00     0.00  i_test_ald8
  0.00     25.99     0.00        1     0.00     0.00  i_xor_axd16
  0.00     25.99     0.00        1     0.00     0.00  initphys
  0.00     25.99     0.00        1     0.00    12.48  main
  0.00     25.99     0.00        1     0.00     0.00  nec_reset
  0.00     25.99     0.00        1     0.00     0.00  nec_set_reg
  0.00     25.99     0.00        1     0.00     0.00  set_920_Div
  0.00     25.99     0.00        1     0.00     0.00  set_DCLK_Div
  0.00     25.99     0.00        1     0.00     0.00  set_FCLK
  0.00     25.99     0.00        1     0.00     0.00  set_display_clock_div
  0.00     25.99     0.00        1     0.00     0.00  trymmap
